2789
1192
1959
1180
2502
2693
1539
523
1179
1575
315
847
1081
352
3509
1203
1284
896
3682
1201
2637
1951
3261
2492
157
1741
2304
656
1972
2404
2109
756
932
1517
25
1167
1612
990
1677
1640
475
73
995
56
2026
133
3046
771
447
185
3367
3553
312
3148
1988
1867
401
644
461
3488
3316
824
1361
417
2442
2914
224
772
3433
264
630
14
2732
2466
2403
1615
1557
970
2295
1865
751
1312
1578
1751
3550
1426
2389
565
2245
3161
2955
203
1947
3017
336
2480
1441
2311
1621
514
454
992
1960
469
2366
3669
2015
3744
2226
2836
423
153
2169
256
2258
1624
204
2986
2669
874
2829
1684
3330
1958
2431
2108
3006
2207
3524
78
1446
2859
2202
302
754
1331
2782
611
1151
2382
1184
2538
1427
3741
2287
881
1408
2101
2811
1601
2582
3418
1801
2805
1916
3723
383
2775
3475
2227
445
2903
2099
322
3677
370
2552
3130
1447
799
1387
733
2948
818
1381
3610
716
2029
318
1868
3718
34
441
3049
2004
1831
404
154
3299
3589
3521
1317
515
1793
3048
1452
449
361
991
2525
749
1981
976
2457
231
1559
2365
1564
2787
828
1600
1596
1415
1982
3061
2580
2705
3040
309
1787
664
2350
2391
1993
2206
3726
267
266
1344
947
3034
67
673
1376
2356
793
3484
1433
2141
3069
2198
350
3645
3303
2816
1635
2312
2793
1706
2080
485
1580
3371
3807
3235
3788
79
1976
3354
509
7
1334
3362
1874
1368
410
1794
3665
3663
2684
951
1565
3620
1377
796
2513
268
2035
2111
1786
2376
3640
576
2452
1968
60
2181
265
3586
2985
1541
1481
3119
3212
365
2237
3427
2715
150
964
2712
130
3800
1820
3166
2348
465
1796
3668
64
605
116
688
2556
2759
2430
3072
662
3611
2195
147
1583
1560
3271
561
2679
1938
3422
2729
1570
2186
1588
97
2939
2516
90
1511
952
1923
418
1042
2504
3199
1164
1853
306
2751
532
2944
2628
3302
3649
3059
1693
26
1604
2639
3779
1390
1213
3270
635
2549
1531
1812
1404
412
420
463
3621
1910
3345
3739
167
498
2672
599
3833
1235
1966
3058
1490
1918
3249
2168
870
2214
1507
111
1856
2215
3323
1655
1841
634
3332
3384
3608
3721
3359
1540
2520
3519
1311
3215
1915
573
1659
1967
1791
1444
598
2541
617
3089
3390
1563
1731
2479
272
114
2594
1594
2578
3251
3536
77
482
1748
3662
3322
405
2779
3064
3114
925
1909
1567
3495
2272
3698
2486
702
3849
95
3326
2743
1827
1609
1785
2276
3781
3298
1769
119
1290
2721
944
3449
3533
683
3063
2438
331
189
2313
3600
2773
2371
2612
2121
602
2945
2590
3646
3096
172
208
3670
1097
871
2717
310
215
835
3551
2675
3746
1473
3667
864
3785
180
2587
2528
2933
2620
298
2561
484
2834
608
696
440
3593
3592
291
70
387
1524
1054
2445
91
1694
429
63
2682
2551
1320
343
2254
3627
495
564
3510
320
1153
491
3111
501
76
3508
2766
524
2778
2412
2377
448
3527
54
2980
3468
2583
1096
3242
483
209
2908
82
1297
1330
736
1745
2110
1986
3647
1623
2697
1911
567
251
978
858
2995
1107
2941
2557
3763
3377
722
2524
494
1980
459
945
3041
3828
3787
750
975
2598
2521
1031
1508
1775
2979
1770
3153
1648
2331
3074
2314
3690
2658
822
1581
86
1555
2044
1863
958
2642
1487
1474
1429
1975
2747
2799
2136
1963
851
2196
1394
337
39
124
389
3363
769
212
3605
1103
3816
1715
2869
2635
3207
1818
839
3053
829
1837
2191
1703
803
492
3269
468
3711
3543
709
3055
237
380
1698
317
2824
2510
3490
2424
713
1962
3696
2687
2577
1136
813
3590
3320
2017
2413
3851
1859
3260
181
743
2034
3102
3171
3836
2062
101
301
701
2508
1135
2744
2584
2569
1436
1857
1631
2748
238
3004
321
1532
2238
260
1702
3623
3769
48
579
1445
439
3775
3149
3154
3713
693
1761
1912
1512
626
2497
2566
3687
3123
678
1929
1496
3152
984
2896
2217
3622
1800
275
2568
2581
1449
295
2807
207
1039
3642
1060
1098
2392
1924
3768
1738
1927
2815
1292
3557
1649
2664
3237
2118
3250
2674
506
3518
182
1459
873
235
2738
3852
653
663
3385
3517
2952
2774
2224
2059
3830
3736
1383
1622
1749
3499
3528
1475
472
2120
1811
3404
2270
1309
3334
1810
2597
199
252
2236
757
1805
1403
650
1477
1053
2784
2408
433
339
3707
3333
1414
3730
3541
3240
949
695
53
3864
640
820
1571
972
1758
1676
2410
2962
3463
1798
292
1788
3692
3462
3037
3568
1919
2005
3276
3842
1389
1824
2825
1316
2328
876
3280
3814
596
2372
1978
1611
1049
3516
3346
177
1864
569
859
2716
1544
830
1464
3274
3601
3762
2132
3735
2158
480
385
2689
1542
176
443
3023
948
2609
3594
3471
3854
2978
1679
3832
566
3760
3784
615
2106
3773
2780
3705
2730
1833
866
2454
3451
2768
2709
3170
2698
2317
1711
3815
1530
3373
628
217
294
1714
761
3052
2357
3324
3625
3331
83
1412
1306
643
1682
3364
3365
456
560
3604
2443
2795
2894
3092
2923
3503
247
3824
288
3865
327
800
3706
1777
382
2686
355
1128
390
1100
955
1625
2905
1465
2731
3262
2605
3804
613
962
2835
248
1744
521
3680
2088
3652
458
1561
707
2517
2765
2142
1554
3068
3626
1431
2876
2854
3777
3575
37
3214
2668
2475
388
2010
2910
2490
179
2809
2804
3556
633
65
2755
2828
1399
2393
371
284
737
987
1987
1071
3792
2116
550
1428
2622
3712
3576
1138
559
1472
3405
2844
3790
865
2972
2796
3070
3595
674
414
280
474
2447
2396
1397
3778
1558
2127
3264
2483
2913
2465
146
1616
1041
271
1747
2414
126
3282
2319
1147
122
1137
94
1489
2446
2956
661
980
200
1461
2912
1402
1829
3275
3688
187
3423
195
563
1620
557
1425
144
3783
3727
627
3093
1494
2981
741
946
2545
2586
499
2187
3542
3750
2397
1101
3728
3426
100
3573
2707
1105
2281
1525
3747
2188
2749
2817
127
2929
135
426
2740
1589
2770
1605
3571
3598
2273
1610
466
1469
1510
2558
2440
2146
3501
1535
3813
2223
2177
1462
2706
913
950
759
1645
853
2032
3396
3213
1328
1302
1470
3512
2761
2699
1044
801
3146
2671
3419
745
1692
2150
852
2212
927
1697
797
104
3341
2862
381
849
2646
856
3780
1534
2299
2434
1629
1025
1089
3350
2128
1666
332
3395
981
3863
3868
1308
2346
3085
3871
2893
2925
3797
2500
3861
989
717
2257
3875
621
1752
3244
112
2704
3734
2467
1939
3808
2476
1527
594
52
2140
2152
3835
2895
1485
556
562
1759
3305
2087
3869
744
2468
402
1722
2060
2567
1756
2864
3421
2974
1784
2095
3071
1013
2606
2122
218
1633
2943
242
3417
3266
1419
407
1803
2493
1781
2563
2915
2589
1411
765
2987
658
3223
1501
3321
843
117
833
2989
1363
2604
2785
3822
1460
3579
36
1830
1152
134
1992
1795
3872
646
393
198
3047
2934
1122
610
2762
2138
1165
3454
3596
954
3464
863
1293
1504
3523
3176
1690
1618
225
2842
240
1834
2823
165
58
2380
2263
1456
1304
1484
3567
2745
3588
2696
3234
1639
2235
1396
2375
1495
723
2861
960
2764
89
3374
2714
625
1802
1821
1303
3080
2930
1315
1613
3224
2418
2395
3309
3163
2131
2691
2248
1733
1479
1521
2509
2469
3277
1158
106
2123
1348
3708
1994
261
2488
2636
2103
2289
1148
2229
2230
210
3572
1497
74
522
3138
747
1832
3540
1780
2383
783
1669
1057
400
1486
1792
777
1861
766
2533
66
2616
1443
1026
2786
55
3245
1724
1027
2626
2845
2891
2441
307
746
3805
1144
555
3057
1133
2781
675
3874
614
2539
968
812
2173
842
687
3870
3817
3253
1606
241
1921
3368
3494
3453
1809
2058
3115
3219
1688
2610
32
739
3748
3173
3796
3583
1305
2154
973
2554
809
3709
1735
1736
1822
3118
1118
3504
2685
574
2800
3506
725
2182
2175
2865
1579
3413
720
2756
118
2754
689
703
3062
3236
1362
3311
3818
660
1343
3448
3532
872
1082
823
786
3147
3226
3308
553
1500
3284
3283
3067
651
578
2988
128
3526
805
694
1782
2708
2826
1463
969
1817
836
2165
672
3304
2562
3312
618
781
3164
1154
3562
1123
1920
1592
3344
2742
3534
816
3268
526
1056
3267
435
132
2411
1773
2240
3015
1410
2474
2129
3211
629
708
764
1117
652
1538
1048
398
572
3578
782
3731
810
2487
1086
804
734
3703
748
3473
3136
397
3225
638
2550
2494
3143
3338
597
1839
1709
2515
3016
2522
679
1492
3050
1717
3208
3597
3389
697
2157
394
977
190
2523
3820
137
780
3829
1846
2818
779
1762
3811
1728
877
1442
2886
861
1516
3710
1675
3103
2996
3403
3772
3806
568
308
3167
392
857
3758
1296
867
1091
580
2752
603
1476
1509
692
2145
753
3160
136
96
3221
3095
1764
1514
875
3679
619
1409
1129
2507
1799
3394
2417
587
1295
3587
2369
3254
3313
1774
283
3461
2634
2189
3538
2957
681
2840
1339
