4168
4276
3617
1940
1979
1284
3031
194
6015
1896
1297
751
532
3414
4350
2571
5436
5444
5125
5326
1743
2938
1083
540
5423
538
5784
1231
4042
239
5981
2789
405
5591
2261
728
1175
4831
528
809
5660
81
629
2067
3212
4367
6020
504
2904
5352
5472
341
3418
4414
4131
4686
5216
5468
1319
2811
5235
2932
3021
5905
1947
3032
3555
5776
604
637
3811
1439
2095
3434
5262
1497
3776
4033
2320
3652
4630
5365
5394
5756
1463
2038
2777
2808
3269
4779
5341
5735
2934
4633
290
1323
1369
1870
2584
3913
5797
335
418
1392
1862
2647
3027
3567
3670
4551
5647
5822
8
27
248
412
786
1480
2077
3407
5168
5404
522
848
1065
2688
2896
4416
4885
5628
5723
339
1113
2239
3004
3249
3946
4946
5706
612
1505
1584
2698
3758
4771
4793
6023
409
1588
2765
4929
5031
5338
5623
5147
5200
609
2653
3854
4298
5553
5899
2166
2403
2549
2572
2618
3172
4951
5870
182
347
2988
3210
3333
3663
4250
4498
5186
173
886
1510
3289
3658
3830
4673
5703
94
989
1440
2936
3206
3496
4891
4904
4914
110
230
2269
3009
3065
4685
5127
5617
5645
478
1617
2753
3266
5047
5504
5936
5952
296
438
883
2061
2665
3293
3438
5422
1457
2117
2323
2630
2841
3675
4744
5401
5621
5687
1204
1359
1466
1522
2146
2725
2788
3416
3774
3916
4090
4122
4411
5182
5247
5459
5789
131
274
635
651
999
1803
1894
2253
3115
3710
4220
243
678
819
1004
1467
1916
2500
2861
3478
4402
4876
5426
5618
791
935
1493
1678
1971
1998
2145
2491
2885
2999
3171
3184
4079
4467
4566
5225
108
462
547
1408
1994
2057
2100
2142
2804
3320
3443
4065
4136
4174
4439
4568
4669
5600
169
262
1303
2329
2880
3125
3173
3446
3853
3865
4247
4251
4639
5117
5122
5260
5577
6018
724
1238
2198
2700
2748
2767
3256
3367
3532
3885
4540
5133
5602
5612
5752
82
1832
2772
3336
3524
3673
3947
4275
5495
5559
5843
5993
221
513
681
700
1343
1960
2369
2891
3700
3967
3972
4169
4653
4832
4834
5059
5395
5686
95
231
657
1176
1275
1307
1733
2422
2616
3113
3904
5023
5437
5859
5968
329
400
673
860
1521
1849
2279
2569
2829
2843
3530
3847
4425
4988
5292
5539
5812
5831
5883
24
788
1088
1106
1247
1449
1562
1930
2045
2280
2726
2797
4019
4189
4248
4493
4865
5056
5527
5711
178
181
546
747
964
1034
1385
2068
2081
2490
2560
2913
2921
2992
3076
3295
3469
3513
3558
3685
3754
3936
4580
5331
5601
5714
5745
5912
6025
288
725
1174
3294
3338
4050
5104
5134
5707
5729
5988
5
120
175
430
463
625
856
893
914
929
1491
1639
2370
2492
2641
2958
3149
3160
3662
3697
3705
3844
4171
4443
4617
4761
5091
5163
5253
5271
5420
5498
5541
5561
5643
5886
5930
51
390
963
978
1158
2341
2427
2447
2551
2593
3118
3169
3247
3288
3596
3889
3900
3920
4091
4556
4846
4894
5507
357
368
902
1148
1474
2136
2741
2801
3331
3570
3576
3809
4291
4358
4693
5015
5702
5736
5814
238
543
843
1166
1709
1854
2193
2272
2393
2570
2693
3437
3691
3730
3799
4238
4310
4349
4431
4500
5105
5194
5240
5367
5807
5902
578
987
1089
1518
1527
1920
2093
2200
2385
2578
2579
2722
2950
3041
3488
3505
3566
4186
4533
4624
4688
4910
4977
5012
5890
5990
419
805
887
1372
1475
1734
2255
2596
2603
2852
3481
3612
3638
3669
3812
4134
4239
4554
4998
5079
5290
5488
5744
331
359
386
489
633
810
1277
1435
1739
1939
2094
2330
2521
2711
2759
2914
3238
3358
3709
4601
5185
5251
5361
5512
5661
5868
87
370
1001
1211
1737
2035
2293
2407
2482
2956
3036
3090
3106
3267
3780
3845
3905
3918
3942
4137
4265
4381
4539
4607
5228
5381
5533
5571
5709
5925
5987
26
66
884
919
1341
1641
1943
1991
2056
2141
2476
2512
2681
2805
3047
3448
3699
3727
3781
3894
3963
4043
4690
4700
4743
4839
5362
109
349
1162
1336
1402
1976
2345
3785
3839
3908
3983
4616
4826
5199
5209
5330
5536
5730
55
104
323
388
552
785
836
1054
1092
1364
2002
2242
2318
2321
2386
2475
2944
3038
3509
3628
3644
3746
3850
4246
4295
4478
4683
4841
5295
5441
5867
6008
68
99
142
251
343
525
602
656
862
894
967
1059
1168
1252
1454
1659
1797
1821
1873
2197
2316
2353
2420
2550
2714
2926
3046
3051
3130
3140
3145
3521
3919
3925
5093
5283
5942
154
333
596
648
830
1285
1301
1607
1759
1815
1845
1880
2307
2727
2745
3129
3138
3450
3999
4022
4798
4989
5008
5398
5499
5509
5583
5820
5845
111
119
217
287
369
387
469
556
740
1027
1081
1374
1377
1669
2972
3072
3217
4094
4228
4631
5991
5996
6032
415
621
692
1292
1569
2125
2227
2332
2351
2524
2654
2781
2916
3022
3099
3176
3278
3343
3464
3466
3851
3949
3951
4427
4713
5067
5193
429
812
846
932
1105
1232
1399
1788
2114
2304
2305
2381
2396
2446
2635
2935
3430
4320
4730
4759
4915
5078
5691
6014
0
235
703
924
1200
1221
1289
1326
1333
1380
2013
2199
2694
2814
3089
3155
3250
3432
3455
3533
3848
4282
4375
4449
4529
4752
5071
5131
232
373
436
608
721
973
1142
1574
1664
1884
2008
2336
2366
2507
2890
2905
3049
3659
3773
4001
4062
4172
4396
4532
4623
4796
5077
5103
5325
5878
59
134
240
445
521
627
847
975
981
1102
1363
1387
1400
1628
2358
2514
3062
3091
3341
3527
3648
4034
4074
4101
4148
4369
4480
4486
4856
5074
5329
5497
5974
252
256
265
374
449
802
915
1103
1354
1629
1648
1772
2031
2042
2138
2201
2300
2325
2404
2535
2947
2990
3222
3305
3436
3499
3693
4030
4066
4154
4902
5586
5631
5710
5747
5763
5854
184
466
1109
1427
1825
1867
2133
2298
2299
2326
2459
2468
2520
2605
2614
3005
3096
3108
3381
3583
3879
4199
4289
4527
4585
4589
4651
4739
5480
5505
5841
5855
5965
139
537
575
833
961
1007
1035
1216
1720
1934
2400
2424
2451
2671
2782
2790
2827
2986
3087
3255
3347
3397
3778
3856
3871
4038
4110
4127
4545
4678
4782
4817
4986
5180
5550
5896
38
353
403
613
729
767
1401
1556
1904
1908
1956
1964
2137
2148
2283
2519
2585
2622
2703
2761
2844
2963
3161
3359
3484
3592
3985
4205
4231
4318
4454
4603
4824
4909
5032
5373
5738
5741
5835
5950
5976
6003
2
85
105
202
358
580
708
765
844
960
994
1008
1410
1481
1851
1918
1944
2004
2266
2364
2544
2629
2855
3231
3706
3739
3808
3943
4026
4036
4080
4156
4296
4692
4708
4768
4847
5009
5261
5306
5335
5345
5460
5486
5806
69
327
404
431
472
484
500
818
1060
1091
1147
1329
1485
1653
1662
1727
1749
2225
2249
2284
2419
2527
2969
2987
3112
3203
3349
3471
3552
3819
3898
3965
4104
4197
4207
4235
4419
4452
4581
4587
4598
4913
4919
5005
5057
5236
5278
5434
5520
5773
5894
79
90
440
448
477
772
877
1135
1582
1719
1912
2116
2226
2340
2360
2417
2634
2636
2769
2903
2923
2948
3240
3346
3394
3816
4075
4118
4164
4434
4573
4701
4712
4835
4859
4965
5175
5383
5414
5415
5906
5986
31
361
417
563
611
624
644
988
1026
1152
1295
1396
1564
1587
1741
1768
1813
2092
2153
2331
2547
2615
2949
2997
3408
3906
4181
4184
4404
4543
4719
5092
5094
5356
5788
5958
6019
36
176
427
433
671
706
1012
1107
1558
1728
1955
1965
2086
2479
2518
2731
2960
3636
3665
3701
4046
4422
4474
4528
4558
4858
4924
4992
5203
5217
5384
5590
5636
5664
6021
166
413
615
870
1025
1047
1079
1237
1279
1348
1367
1404
1575
1831
1868
1986
2111
2112
2317
2415
2557
2568
2863
3277
3321
3382
3586
3752
3817
3827
3860
4119
4356
4668
4766
4975
5284
5302
5347
5473
5485
5551
5638
5969
56
471
494
506
741
778
911
943
1011
1074
1144
1234
1370
1547
1808
1826
1856
1974
1980
1996
2509
2576
2649
3063
3254
3292
3775
3866
3878
3990
4292
4354
4441
4758
4923
5409
5502
5608
5720
5848
6027
73
285
293
321
324
364
486
524
761
864
922
1022
1442
1573
1858
1933
2082
2290
2296
2312
2391
2498
2516
2517
2595
2602
2661
2832
3058
3165
3283
3315
3405
3616
3757
3855
4002
4135
4198
4204
4316
4562
5114
5126
5140
5353
5376
5416
5558
5609
5819
5863
5932
6030
50
53
362
457
518
583
642
793
824
993
1257
1352
1397
1503
1637
1656
1746
2000
2223
2365
2399
2538
2587
2590
2631
2651
2697
2837
2854
2978
3126
3337
3479
3643
4010
4044
4086
4173
4213
4254
4552
4650
4659
4663
4928
4996
5016
5211
5424
5455
5543
5673
5692
121
141
356
393
399
421
446
459
531
680
733
739
866
977
1023
1179
1256
1288
1589
1699
1714
1817
2005
2033
2103
2285
2327
2361
2677
2876
2962
3136
3220
3460
3522
3630
3656
4230
4261
4368
4428
4810
4871
4877
4893
5132
5297
5327
5513
5580
5632
5641
5668
5731
5939
29
103
291
485
553
554
632
878
949
1199
1244
1325
1552
1781
1899
1914
2228
2282
2472
2621
2779
2860
3015
3069
3116
3135
3152
3213
3404
3445
3875
3986
4011
4611
4666
4763
4780
4802
4852
4875
4918
4981
5307
5563
5650
5684
5739
5782
5802
5935
49
432
585
683
687
1291
1294
1340
1371
1381
1423
1437
1530
1658
1660
1791
1941
1972
2006
2039
2168
2273
2395
2508
2559
2609
3059
3093
3102
3234
3325
3465
3548
3605
3722
3953
4277
4300
4569
4640
4647
4776
4837
5003
5054
5188
5298
5342
5506
5588
5699
5726
5869
5920
71
158
247
579
649
841
1250
1282
1460
1479
1536
1579
1619
1703
1731
1755
1760
1783
1809
1814
1861
1954
2047
2080
2122
2131
2182
2212
2342
2376
2463
2553
2577
2674
2834
3257
3426
3540
3667
3702
3707
3718
3733
3842
3868
3940
4058
4430
4473
4574
4622
4765
5066
5303
5439
5798
5972
45
114
561
851
885
1036
1209
1213
1535
1643
1676
1724
2195
2274
2359
2414
2425
2474
2486
2573
2632
2676
2953
3189
3501
3743
3749
4150
4187
4188
4262
4272
4438
4494
4535
4593
4602
4648
4682
4777
5002
5021
5153
5202
5239
5289
5324
5359
5461
5475
5514
5562
5858
5881
5934
195
214
218
380
396
511
541
693
806
912
945
1006
1010
1042
1094
1177
1246
1461
1476
1571
1618
1671
1866
1989
2048
2074
2158
2217
2311
2436
2494
2696
2830
2874
3007
3014
3185
3193
3368
3737
3783
3813
3935
4045
4056
4107
4315
4390
4423
4691
4709
4863
4948
5035
5124
5146
5149
5234
5314
5315
5371
5755
5872
5967
6026
6
153
398
572
597
631
667
755
813
859
869
891
1044
1048
1080
1084
1431
1525
1717
1773
1970
2064
2079
2188
2288
2362
2481
2531
2970
3114
3237
3297
3354
3378
3462
3507
3526
3646
3742
3804
3864
3874
4051
4245
4313
4340
4365
4667
4718
4722
4723
4873
4935
5161
5174
5378
5587
5834
5838
5922
86
210
246
464
674
803
882
1013
1268
1626
2018
2098
2183
2328
2357
2429
2473
2478
2586
2611
2638
2724
2738
2796
2826
2957
2991
3060
3371
3384
3553
3565
3721
3766
3793
3955
4016
4225
4323
4330
4468
4512
4538
4564
4615
4721
4849
4884
4937
5065
5087
5088
5220
5258
5372
5610
5639
5659
5740
5913
5940
442
483
491
560
617
835
865
996
1002
1005
1187
1255
1274
1276
1434
1468
1668
1787
1871
2032
2149
2209
2215
2252
2256
2383
2411
2416
2431
2504
2513
2530
2613
2657
2740
2822
3077
3214
3391
3428
3493
3574
3626
4060
4299
4306
4586
4656
4706
4804
5148
5178
5190
5243
5265
5355
5374
5435
5545
5742
5792
5933
5978
5983
6007
6028
70
78
233
245
278
366
377
458
605
679
716
746
757
900
937
1075
1097
1438
1509
1528
1553
1567
1577
1650
1784
1887
1910
1932
1952
2368
2432
2511
2533
2720
2774
2850
2868
2959
3143
3246
3350
3594
3892
3976
4099
4112
4274
4393
4742
4769
4819
4882
4954
4967
5143
5159
5205
5212
5585
5897
5944
107
188
227
242
282
426
502
699
907
916
1186
1189
1191
1228
1315
1477
1478
1486
1538
1580
1609
1820
1829
1993
2065
2286
2356
2441
2567
2600
2666
2757
2838
2939
2980
3101
3119
3285
3534
3543
3572
3582
3603
3627
3654
3729
3747
3794
3861
3931
4068
4163
4287
4337
4398
4645
4922
4970
4985
5129
5170
5198
5540
5813
5815
5818
5865
5964
5992
6016
60
144
163
281
372
422
577
595
598
626
770
814
825
971
1024
1045
1117
1170
1224
1312
1540
1549
1572
1632
1667
1762
1810
1875
1892
1978
2073
2085
2106
2203
2219
2363
2493
2510
2866
2870
3018
3186
3251
3334
3380
3439
3580
3784
3825
3959
4096
4195
4266
4544
4549
4563
4628
4629
4641
4729
4760
4843
4872
4940
5044
5296
5350
5382
5397
5443
5494
5665
5680
5712
5816
5866
54
63
76
84
268
297
312
406
510
539
544
588
641
718
783
840
1041
1122
1378
1418
1452
1517
1702
1822
1935
2027
2044
2150
2190
2216
2470
2537
2652
2705
2707
2931
3103
3148
3396
3442
3713
3764
4018
4128
4190
4357
4399
4409
4750
4754
4755
5042
5050
5068
5072
5244
5406
5548
5589
5693
5833
5961
5982
83
143
170
289
344
439
454
567
606
682
737
873
901
941
1188
1248
1331
1443
1511
1557
1621
1771
1794
2259
2276
2313
2378
2541
2542
2597
2601
2878
2911
2964
3008
3029
3131
3159
3163
3167
3286
3287
3302
3353
3372
3374
3403
3420
3458
3797
3862
3979
4009
4215
4253
4255
4303
4401
4461
4536
4537
4541
4575
4695
4711
4775
4821
4845
4850
4890
4987
4995
5109
5230
5380
5576
5694
5695
5772
5783
5817
5998
19
42
123
190
487
591
616
968
991
1236
1335
1345
1470
1534
1603
1770
1786
1885
2192
2267
2338
2449
2552
2646
2686
2689
2716
2719
2728
3033
3123
3164
3180
3243
3281
3306
3365
3536
3763
3869
3932
4037
4072
4142
4144
4145
4153
4196
4200
4281
4347
4371
4412
4582
4751
4786
4791
4803
5061
5100
5121
5357
5387
5476
5578
5607
5689
5780
5908
5917
15
151
152
167
171
212
226
253
303
352
416
526
685
722
750
762
774
789
897
1090
1196
1233
1235
1239
1453
1561
1652
1707
1807
1837
1847
1891
1897
1905
1985
1990
2043
2140
2294
2324
2355
2374
2384
2387
2412
2440
2448
2612
2645
2754
2820
2828
2842
2849
2924
2955
3495
3631
3782
3787
3938
4073
4157
4175
4183
4269
4394
4491
4514
4676
4694
4697
4740
4757
4880
4895
4925
4969
5006
5029
5118
5145
5201
5279
5391
5399
5466
5611
5634
5759
5875
11
46
127
220
355
467
496
501
781
899
1156
1249
1281
1306
1384
1484
1507
1514
1519
1651
1685
1729
1765
1839
2151
2181
2206
2233
2346
2398
2421
2439
2442
2466
2523
2625
2709
2715
2798
2833
2922
2983
3026
3151
3187
3224
3323
3395
3447
3615
3724
3738
3796
3917
3927
3971
4229
4339
4384
4395
4621
4637
4664
4675
4862
4899
4911
4943
5223
5227
5291
5526
5671
5918
65
93
140
157
276
319
360
490
564
599
618
652
760
826
906
950
985
1165
1308
1309
1318
1350
1362
1416
1455
1611
1673
1750
1800
1848
1906
1926
1928
2051
2060
2107
2110
2134
2295
2335
2344
2372
2515
2701
2835
2901
3039
3329
3387
3544
3622
3635
3802
3876
4064
4067
4108
4158
4162
4165
4201
4263
4391
4503
4557
4613
4627
4870
4934
4991
5027
5051
5115
5154
5167
5214
5246
5294
5528
5605
5795
5862
5900
5966
6033
3
159
196
206
208
249
314
317
340
363
420
573
639
702
832
1125
1143
1173
1212
1428
1451
1487
1565
1581
1620
1655
1661
1966
2052
2208
2268
2310
2469
2487
2581
2583
2656
2670
2704
2706
2815
3067
3070
3075
3233
3253
3272
3275
3454
3529
3632
3786
3910
4208
4397
4499
4524
4548
4702
4748
4942
4968
4973
5173
5191
5206
5257
5273
5390
5470
5627
5696
5734
5809
5882
13
40
97
199
275
310
316
382
383
394
447
482
707
1153
1269
1405
1548
1812
1963
1992
2127
2251
2433
2489
2501
2526
2643
2708
2710
2721
2734
2766
2818
2883
2892
3121
3132
3178
3290
3837
3896
4109
4177
4227
4258
4294
4420
4462
4463
4492
4553
4596
4671
5242
5308
5438
5532
5718
5803
5876
5903
5931
6037
205
216
225
534
931
1383
1393
1411
1415
1430
1492
1595
1782
1843
1913
1988
2430
2562
2639
2907
2919
3175
3274
4105
4243
4324
4440
4526
4879
4990
5011
5026
5237
5313
5524
5799
5898
20
488
1225
1317
1458
1459
1533
1712
1863
2529
2548
2617
2672
2712
2713
2758
2981
3221
3263
3375
3494
3541
3801
3882
3914
3968
4331
4392
4426
4547
4774
4838
5151
5333
5408
5464
5655
6011
905
1038
1069
1082
1444
1718
1753
2159
2695
2929
